0.00016980492
0.00032748768
5.9229846e-05
0.00010386819
5.168359e-05
0.00052007294
9.252145e-06
3.5043126e-05
1.7310043e-05
0.00014115979
0.0007192009
0.00014146186
5.8649017e-05
8.10255e-05
1.6766033e-05
4.9913553e-05
0.00012557628
2.9249431e-05
5.8186695e-05
4.9977003e-05
0.00019478118
0.0015935972
0.0009770028
0.00022523467
8.752632e-05
0.00011251906
0.0003157285
0.00023567704
0.00017536253
0.0001867423
4.333204e-05
0.00033384695
8.956034e-05
0.000114136084
0.00028333024
1.644029e-05
0.000121921825
1.1142254e-05
0.005900047
3.741591e-05
4.867911e-05
0.00020082394
0.00023553558
0.00016318193
5.5500583e-05
0.00012654622
4.0552964e-05
0.0002307228
3.5755187e-05
3.5885303e-05
0.00016772679
0.00042841543
0.00029606314
0.0005308823
0.00025003398
2.4711144e-05
5.923036e-05
1.4644638e-05
0.00013812805
0.0030018582
0.00046576114
3.8773527e-05
0.000296468
0.0003939379
0.000681411
0.0001746436
0.0005016478
6.747998e-05
0.00021987605
4.2551063e-05
7.4420925e-05
0.000735527
6.145517e-05
0.0019270204
1.1406235e-05
0.00033168236
2.760924e-05
0.0005584906
0.0018151655
0.0012854136
0.0005644849
0.0002643017
0.00012686517
0.0003101412
3.5769343e-05
1.5226491e-05
0.00023373407
0.00025264017
9.125384e-05
0.00010886964
5.6817153e-05
0.00022797966
0.0005024414
0.00013592317
0.00016360241
4.7248413e-05
0.00016500024
3.5815596e-05
0.0009926122
0.00018996773
0.00032009766
6.546307e-05
4.9158745e-05
0.0023545788
0.0001977959
9.740977e-06
5.9165126e-05
8.342836e-05
3.5502802e-05
5.5155928e-05
0.0002953912
0.14522669
0.00026150275
0.00046330816
0.00010001564
7.724766e-05
0.0002021282
0.00036518357
2.3665078e-05
8.00732e-05
0.00016405903
2.0919642e-05
0.00015904986
2.8181263e-05
2.1251995e-05
0.00016757361
0.002610505
0.0001649131
0.0033536784
0.0004517729
0.00015669022
5.817882e-05
0.0005335325
7.4700874e-05
4.1334664e-05
0.00013332514
0.00024123696
0.00024420468
0.00010249775
0.0001447611
0.000434957
0.00040990752
0.00021976295
0.00028396104
0.00018292258
0.00056855613
0.0005261159
0.0005394565
0.00067222543
0.0004184862
0.00020584963
0.00020697089
0.0003891539
0.0006364269
3.9528688e-05
4.7074984e-05
0.00014849321
0.00017674622
0.00018367328
9.1362825e-05
0.0002092508
4.683702e-05
8.098022e-05
0.00038643437
2.1166012e-05
0.00023816069
0.00040345013
0.00014309988
0.0001694621
0.00011580252
0.00015477804
0.00013820604
0.0003915782
0.0001262852
6.416807e-05
5.3193362e-05
8.096636e-05
9.268178e-05
0.00021009031
8.1237384e-05
2.1137248e-05
0.00013860554
9.888535e-06
9.18042e-05
5.7265966e-05
0.00024706963
3.4873134e-05
9.941781e-05
0.00025066023
0.000117646334
0.00086345145
0.00011305924
3.6803822e-06
8.088144e-05
0.00017012721
0.00030549685
5.9778533e-05
1.0738358e-05
3.9709445e-05
7.807764e-05
8.4851294e-05
1.4551544e-05
5.055331e-05
0.00014321784
0.0001259461
4.3386204e-05
0.00016131549
0.00012815701
4.69106e-05
5.923321e-05
5.586951e-05
7.410933e-05
9.9375684e-05
6.0928094e-05
6.309544e-05
8.3383056e-05
0.00044575802
5.111228e-05
2.1025466e-05
4.114581e-05
0.00019077347
0.00019071899
0.0002523192
0.00019271995
0.00013492927
0.000108833156
2.0255004e-05
0.00020899043
9.626821e-05
0.00012668243
1.556614e-05
2.2314527e-05
0.00017040402
0.00019464664
2.818965e-05
4.8383183e-05
0.00013236419
0.0001688884
5.468687e-05
0.00014190433
8.522983e-05
5.1737192e-05
3.7611208e-05
9.9273995e-05
3.1913645e-05
6.162167e-05
0.00013842357
6.989489e-05
9.65834e-05
6.903252e-05
0.00024009969
0.00026015195
0.000105622865
0.00016648872
0.00013265682
1.573813e-05
0.0003335176
0.00010971264
0.00024848862
0.00019186464
8.8625726e-05
6.9127644e-05
0.00045799476
5.3946467e-05
0.00017973123
8.9070105e-05
0.000110481735
4.126606e-05
0.00013683835
4.2938682e-05
0.00012697974
5.5856777e-05
0.00014599285
9.960173e-05
0.00012956787
0.0002703526
0.00026089334
0.0005842892
9.6043084e-05
0.00030085756
0.0001363
7.053256e-05
0.00023789726
0.00045626122
0.00024321784
0.00039255334
9.378126e-05
3.3330107e-05
6.27629e-05
0.000104649895
6.4440814e-05
0.00011477036
9.773853e-05
0.0002447645
0.00022140356
8.682849e-05
0.00014253017
0.0004192232
9.294634e-05
0.00073216774
8.8199544e-05
0.00033927237
0.00014347915
0.00049975305
5.0536655e-05
1.61998e-05
0.00081437087
0.0002927604
0.00032273732
2.1032083e-05
0.00041501672
7.664254e-05
0.00074606505
0.000107045045
0.0010337053
0.00016584987
0.00010267199
9.844518e-05
0.00036912863
0.00042104925
0.0007636781
8.8317765e-06
2.4511688e-05
6.654903e-05
3.8450515e-05
3.2900418e-05
0.0002467061
5.5951223e-05
0.0001091598
1.5789e-05
0.0001065215
0.00024240423
0.00014483104
1.170028e-05
3.8084e-05
9.013649e-05
0.00016588182
0.00014541994
4.4460132e-05
5.857864e-05
5.7038167e-05
6.140148e-05
2.5429465e-05
1.2526988e-05
0.00029506852
0.00017385626
4.4041837e-05
4.213421e-05
7.223132e-05
5.314765e-05
0.00028015286
0.00051703234
9.355124e-05
0.00023953251
0.00041169123
6.737019e-05
0.00097511447
0.00044960686
0.00041690122
0.00036505907
0.0003500063
0.00020413088
0.00014936128
4.925264e-05
4.6020818e-05
0.00014345015
3.796314e-05
0.0005339183
3.7399037e-05
0.00011255269
8.935712e-05
0.0008973424
6.539162e-05
0.00023165661
0.0003438207
6.735288e-05
0.00016886948
0.0004256425
0.000110186375
3.0341214e-05
0.00017677296
2.9307621e-05
8.214745e-05
7.657375e-05
0.0003245531
0.00018222854
3.7278674e-05
0.000118950054
6.7777575e-05
0.00040660397
4.0756404e-05
2.6867243e-05
0.0011102124
1.7472115e-05
3.2156553e-05
0.0001976657
2.4107698e-05
9.594142e-05
0.00013294633
0.012934201
0.001488909
0.00030110628
0.00048619474
0.00022020866
0.00041206635
0.002888492
2.0751933e-05
5.6945148e-05
0.00010725549
0.00061704416
1.2163906e-05
0.00013528271
0.00032160187
0.0049974737
0.00036395644
7.9397905e-06
0.002707641
0.0009837968
0.017314041
0.0003655144
0.0002779508
0.00029623148
0.00016959598
0.0001936052
3.4470762e-05
6.317196e-05
0.00028958623
0.000521928
9.2430346e-05
0.0010162768
0.00010013957
5.5248554e-05
0.018816164
0.00011497237
0.0001286678
0.00017351165
9.917761e-05
0.0011450202
0.0015877296
0.001732281
0.00056879345
0.0002554514
0.0007390254
0.00012345373
0.0002244184
0.00019148544
0.002652558
0.0004488171
0.00034022945
0.00028609557
1.7402303e-05
0.0041779624
5.3125987e-05
7.086195e-05
1.0729666e-05
0.00031228267
0.0017724596
0.0011016909
2.7802012e-05
0.00044330908
2.7723985e-05
0.0007099988
0.002507425
0.00029760294
0.0017468692
0.0033079432
0.00023698549
1.820319e-05
4.2987445e-05
0.0037923944
0.00437742
0.00025788054
6.771458e-05
0.010979901
7.8877274e-05
0.00020034172
3.9189592e-05
7.9022255e-05
0.00019010068
0.00018935367
0.00015165494
0.0006342439
0.0001065214
2.29076e-05
0.00021650712
0.0006931014
0.0016945379
0.0018049128
0.001626834
1.3866984e-05
0.00023594838
0.00077580975
0.00037083533
0.00024827023
0.0019944801
8.819466e-05
4.5612196e-05
8.8593704e-05
5.1740797e-05
0.027618749
7.4696734e-05
0.004212719
0.00029109183
0.004288053
0.0015089287
0.00057607965
0.00021014902
0.003019341
0.00027102238
1.4314445e-05
0.001247495
7.648263e-05
0.012027928
0.0013138813
0.00024912157
0.00039606102
0.00017222566
0.00077096466
9.616007e-05
0.00012808492
0.00011093932
0.0004788451
0.0002759733
0.001837807
0.00048597265
2.6930324e-05
0.00015658991
0.00045992326
4.8499318e-05
0.0002391957
0.0032133525
0.0044528064
0.00015469009
8.7847606e-05
0.012131551
0.00018360333
2.8868551e-05
7.337086e-05
0.0005335058
0.00020602443
0.0018346182
0.0014196441
0.0010995402
0.0014719804
0.00013069772
0.0006126748
0.0007288252
4.0334475e-05
6.9085436e-05
0.0045452244
0.0002054191
0.0022583627
0.000111076675
0.0005428005
0.00014280487
5.2604286e-05
0.0013882593
0.00049757265
0.0042154626
0.0011855294
6.841993e-05
7.330809e-05
7.351185e-05
0.0012610126
2.1918348e-05
5.3881275e-05
0.00034831787
0.011117425
0.00018442882
0.00023055749
0.0006766697
2.1618207e-05
0.0006555854
0.00011886987
0.004878332
7.5323034e-05
0.0002951506
0.0008771215
0.000443188
0.00045352228
2.2199652e-05
3.463037e-05
2.19554e-05
0.008242357
0.020846654
0.008617813
2.3733583e-05
0.00079881534
0.00033299622
0.00053600344
0.00012942764
0.00023972744
0.0004735418
0.0029637662
0.00017331561
5.8418525e-05
0.0026522062
0.00013416247
0.00024219789
0.00027071277
0.003720274
0.00048783378
0.0016466638
3.0741525e-05
0.008244055
0.0016471922
0.00048588836
0.0004188687
0.00038282992
5.720224e-05
0.0013508184
0.0002546572
6.677685e-05
0.0031950264
0.00022743829
0.0012873784
0.0019100195
0.00016512934
0.006686796
0.0025570695
7.590329e-05
0.00012905104
0.0013077845
0.009066648
8.2788865e-06
0.00014440177
0.008204294
0.00068648165
0.00083256094
0.0047303885
0.00063803006
0.000584982
0.007141751
0.0025759332
1.5265137e-05
0.00079160737
0.00029635662
6.699216e-05
0.00015540584
1.9577863e-05
0.00019148078
0.0050711925
0.00038211644
0.0003118186
0.022566244
9.673956e-05
0.00022743783
0.00022778753
0.00024204097
9.204032e-05
0.006166839
0.00043367778
0.00016976605
0.0033746546
0.00019502811
5.056148e-05
2.586179e-05
0.001079876
3.664099e-05
0.00013510298
0.00016221522
2.2405495e-05
0.0014313306
0.0001709113
0.0023739436
6.802831e-05
0.0006476988
0.00034750465
0.00011071271
1.7708848e-05
0.00013680749
2.4237535e-05
0.0003371288
0.00068256864
0.002851553
0.000116928066
0.000220074
0.021428343
0.001797728
0.00035943007
0.0010952441
0.0007738914
0.00022972752
0.025019491
0.0019389917
0.00033054507
0.0114699
5.516763e-05
0.00020954794
0.0004063086
2.0364632e-05
0.00039122303
0.0020364497
0.00089400855
6.61731e-05
0.00034862914
0.0042634597
2.369848e-05
5.9804366e-05
0.003784518
0.00018579424
0.001134076
0.0005943247
0.00020876226
0.00010953626
1.8664055e-05
1.5485446e-05
8.666627e-05
0.0040748604
6.630766e-05
0.0007046989
0.00086721446
0.00028354823
0.00027810645
0.00250889
0.00026235532
0.00026179335
4.9439685e-05
0.000109243534
0.0004356848
0.0023688304
1.922466e-05
0.0015811799
0.00068425905
0.00029171363
0.00031312738
0.00060534984
0.00014271053
8.876423e-05
0.0011228377
7.2107025e-05
0.004157633
0.00011061605
0.00074800925
1.3065645e-05
4.5712524e-05
0.0007861728
0.00031585383
0.0001503699
0.00033234994
0.0012030647
0.00019688981
0.00016744995
0.00024887818
0.0034065049
0.0023652988
0.00031526096
0.0066307853
0.00017283295
0.0022883038
0.00017895558
0.0001834759
0.00035834045
0.0008326434
0.0017283933
0.00035829053
0.0002996443
2.0670617e-05
0.0008355305
0.00048754425
0.0017713053
0.0019164785
1.9209505e-05
0.0059088767
0.0022059174
0.0003933011
0.0004370375
0.0017654477
0.00013185003
0.0039508203
0.00015761839
0.00038202462
0.003873692
0.00041661863
0.00012902982
7.777083e-05
0.0017715496
0.002315589
0.00055541814
4.9337148e-05
0.0004742891
0.00043557864
0.000697653
0.009222082
0.010263755
6.7705405e-05
5.966204e-05
5.75547e-05
8.99498e-06
0.0009418841
0.00019504197
0.0001147737
0.0004218585
0.00014428145
8.655707e-05
0.0008147675
0.0008794014
0.00014804426
0.002770449
8.328304e-05
4.3073785e-05
0.00018634328
9.965218e-05
0.00010950482
0.0067855055
0.00015742467
0.00077502616
0.00063623517
0.00046153844
5.4576307e-05
0.00017408787
0.0012021994
0.009413983
0.022948338
0.0010692425
3.50311e-05
5.09219e-05
6.268935e-05
0.006837583
0.0002743941
2.183652e-05
0.0002581113
0.00027914182
0.0002780919
3.0986386e-05
3.4574932e-05
0.0046969648
0.00046523794
0.002199073
5.292727e-05
0.00029199882
0.0006094931
0.00014609238
0.00055441627
0.0021697565
3.2796288e-05
0.0008451304
0.0005164888
0.0005635406
6.23035e-05
0.0005464238
0.00013715426
0.00013440094
0.000116894225
0.00056491815
0.00064705795
0.010491609
3.0012076e-05
0.0005605283
0.0002985541
6.8262794e-05
0.0013857653
0.0032425618
1.2750037e-05
0.0040457733
0.0050039934
0.00016102445
0.0003332944
0.00028637916
0.0011893541
0.0003082068
0.0022603602
0.0010670904
0.00031939553
4.9374044e-05
9.665411e-06
8.2199884e-05
0.00027665804
6.6826666e-05
0.00036939027
7.47806e-05
0.00018097044
0.0014217036
0.00015682551
5.990526e-06
0.0035234422
0.00014823218
0.00035662254
4.427337e-05
0.000250811
0.00036762975
0.00013225574
0.00017834452
0.004105457
8.188633e-05
0.000638644
0.00016379742
0.00014210385
8.108428e-05
0.00074472395
8.901677e-05
9.151604e-05
0.0005884258
0.0022961802
0.00013226784
0.00066101487
0.00046615992
0.00064051436
0.0032733488
0.00048656279
0.00022358964
0.004342456
0.003981219
0.00028370944
0.0008125156
0.00045822063
0.0012607012
0.0009775695
0.000106739775
6.3544176e-05
0.00034195711
0.00018932315
3.118596e-05
0.00031975826
0.00031104265
7.3926225e-05
0.0011545907
8.575015e-05
0.00023361116
0.00066104694
0.0004883714
0.00037227818
9.297516e-05
0.000121209865
3.410538e-05
0.00024642897
0.0001074947
6.99842e-05
1.7957365e-05
1.0631375e-05
0.00018812763
9.721858e-05
5.146626e-05
2.9841774e-05
5.3175638e-05
4.540245e-05
7.383269e-05
5.9323862e-05
0.00011473316
2.5858311e-05
0.00024255928
4.357434e-05
0.00016768566
0.00012793459
7.1418915e-05
0.00023895777
0.0001744149
2.3925362e-05
0.0007274892
0.00054904126
0.0006600554
0.0003689451
0.0001917695
8.683057e-05
0.0001887278
9.390158e-06
0.00037322807
9.678998e-05
5.3388216e-05
8.710205e-05
0.00010672182
4.170966e-05
7.7578894e-05
1.3723897e-05
3.7243957e-05
0.00015834464
0.0005567672
0.0003274349
0.0011654143
0.00081817515
0.00024791935
0.00015350305
4.0557028e-05
1.2827262e-05
0.0003699741
6.426428e-05
0.0001597086
0.00030701252
0.0005480431
3.475772e-05
0.00027303188
0.00013267287
2.4299861e-05
0.00014340946
8.7844004e-05
0.00047590228
3.6443118e-05
0.00023676625
0.00021823832
0.0001183745
0.00029589445
3.661179e-05
1.2448696e-05
9.506583e-05
0.00013185343
5.25937e-05
0.000110154324
1.475698e-05
0.00014547077
0.0006541772