-0.30805874
0.07984302
-1.1900374
-1.4836702
-0.5135901
0.36827153
-2.1639166
-0.8705013
-1.8812447
-0.16076666
0.21684004
-0.928281
-1.2953714
-1.0791287
-1.444455
-0.89458805
-0.09590192
-1.3098954
-1.2062448
-1.2327268
-1.0658404
0.9427469
0.5738615
-0.27459937
-1.0188934
-0.35831845
-0.18257675
0.27853626
0.22089688
-0.3340493
-1.979969
-0.555245
-1.0804464
-0.8055694
-0.0004951467
-1.8401799
-0.79792225
-1.4822828
1.3656672
-0.89703584
-1.0853906
-1.1591249
-0.032266144
0.19187923
-0.4777367
0.031621072
-0.7464974
-0.10246294
-1.3072289
-1.8479855
-0.86044043
0.8683053
-0.13818197
-0.5942293
-1.0837044
-1.5115174
-1.4216323
-1.7622145
-1.3229938
0.3092505
-0.91198456
-1.2568892
-0.42140645
0.7647873
0.096434265
-0.2201274
0.20995392
-1.071132
0.14306861
0.7973344
-0.8894367
1.6341836
-0.98152703
1.1916499
-1.625073
0.2928239
-0.8159483
-0.19991271
1.6001159
1.1522979
0.5397157
-0.21569327
-0.5722878
-0.2540483
-1.3144569
-1.3187109
-0.6919892
0.06748002
-0.16136988
-0.16745704
-1.043228
-0.07053011
0.6526221
-0.6888746
-1.0834798
-0.76091695
-0.69209605
-2.3364725
0.20736966
-0.21594861
-0.5073983
-0.18135151
-0.85716504
0.7947216
-1.5203276
-2.1758971
-1.1328814
-0.13168834
-1.00645
-1.0352936
-0.7703913
2.5937598
-0.18291345
0.037092943
-0.8275598
-1.6695257
-0.007664892
1.1827207
-1.3609017
-1.6130087
-0.34498727
-2.0094082
-0.3217112
-1.40436
-1.0353576
-0.5387643
1.3731303
0.17038514
1.3134736
-0.6706346
-1.2812335
-1.2500542
-0.8758088
-1.2494946
-1.1121799
-0.43794972
-1.3552142
-0.85109013
-0.806748
-1.3894855
-0.93128216
-0.5771268
-0.8600849
-0.6528389
-0.96694344
-0.2790189
-0.13756554
0.33111212
-1.017053
-0.06247963
-0.82307434
0.2321171
0.5925774
0.11956272
-0.39129296
-0.96967256
-0.34883505
-0.32861945
-0.17424661
-0.5203654
-0.05074156
-0.5735833
-0.89118445
0.94264233
-0.48076403
0.23871332
-0.5359333
-0.17496297
-0.1825326
-0.8143634
-0.25432184
-0.8875172
-0.40212584
-0.4248538
-1.0707774
0.28054383
-0.8788248
-0.063131236
-0.13580973
-0.633922
-1.0408156
-0.2155596
-0.868021
0.02111919
-0.8062073
0.21586944
-0.84782946
0.36418468
0.23975046
0.07298894
0.8168585
-0.37726068
-0.8602677
-0.21154118
-0.06361114
0.39261663
-1.0140715
-1.0971476
-0.94316417
-0.12982899
-0.7508501
-1.874781
-0.21622303
-0.7669267
-0.42140815
-1.5047493
-0.6215693
-0.2612905
-0.35666725
-1.0537395
-0.38551807
-0.6064094
-1.2473556
-1.0768366
-0.3829122
-0.85829455
0.25932565
-0.9240785
-1.4660195
-1.1539187
0.5768459
-0.21287401
-0.4301784
-0.27853447
-0.5630739
-0.88488144
-0.6149986
-1.2260586
-0.118166335
-0.30751112
-1.3458123
-0.787824
-0.4979396
-0.07821896
-0.47691333
0.21768509
-0.28501546
-0.39360434
-0.99358493
-0.44038853
-1.1004056
-0.36356282
-1.4787167
-0.6785121
-1.0707904
-0.60454124
0.0018921697
-0.60659164
-0.7804347
-0.70279366
-0.45327887
-0.5740117
0.12954347
-1.0870117
-0.071922086
-1.5970279
-0.12967396
-0.41402286
-0.34608856
-0.45053896
-0.050228007
-0.036393084
0.64593357
-0.91866577
-0.79366595
-0.60279816
-0.55361813
-0.9942526
-0.30023605
-1.0588075
-0.1602141
-1.2761784
-0.80111355
-0.7847453
-0.4366057
-0.29868704
-0.11143246
0.24950753
-1.0829991
-0.235288
-0.56935483
0.8004865
-0.15923998
1.5074099
0.15986127
0.42949948
-1.5360352
-1.3022994
-0.621235
-1.2557826
-1.6063809
-0.39241713
-0.8660014
0.43634364
-0.7142573
-1.8392187
-0.66524017
-0.4094579
-0.55560684
0.26369932
-0.2994155
0.19446117
0.00012531597
-0.056575328
-1.0310686
-1.1073819
0.95716393
-0.039132416
-0.17284413
-1.7137713
1.0318145
-0.6407014
-0.20157519
-0.53714764
1.3076634
-0.21518743
-0.10755904
-0.6703936
0.58359814
0.1296847
-0.74383837
-2.052296
-1.943493
-1.2419901
-1.5791146
-1.7323232
-0.4647262
-0.8547239
-0.5982981
-1.3872371
-0.8413639
0.5059893
-0.028888466
-1.0159539
-0.8781407
-0.8586551
-1.5765216
-0.72110957
-0.54951406
-1.0456697
-0.46384534
-0.8682762
-1.329279
-1.5812683
-1.1616806
-0.5591132
-0.68271846
-0.6140093
-0.8487391
-0.8138591
0.5194415
0.8475472
-1.2317592
-0.06508279
0.84332556
-0.7534412
-0.061359435
-0.17108928
0.029114015
0.29252198
-0.99659246
0.18716425
-0.48432857
-0.574279
-0.149806
-0.526539
-1.6839328
0.298726
-1.12589
-1.2416302
-1.0083416
-0.1886835
-1.2171522
-0.11976431
-0.2596951
-1.1662437
-0.019736286
-0.4496138
-0.12932746
-1.9007655
-1.2868488
-1.1776145
-0.70207584
-0.99402976
-1.5353495
-0.08161428
-0.7827241
-0.9851597
-1.7212214
0.30599424
-1.3255223
-0.78677404
0.020959575
-1.938007
-0.87134534
-0.4159284
-1.7782842
-1.1730373
0.08866749
2.0492961
1.0762362
-0.007216261
0.97626513
-0.74596655
0.4418997
1.1642963
-1.1256992
-0.95673156
-0.64594465
1.9042864
-2.266134
0.23068756
-0.2024498
2.4514055
0.17042859
-2.1488516
2.029247
0.08730792
2.4830267
1.5408521
0.22265166
0.059148587
0.47132158
1.0918839
-0.8906889
-0.35221744
1.1023836
0.71585846
-0.080300555
0.7830516
-0.1106352
0.3845232
1.8773831
0.25839618
0.01753266
0.4585675
-0.556912
0.18327093
1.1123434
0.54181975
0.2650874
-0.6121097
0.6899404
0.5327037
-0.4582712
-0.3463424
2.0124485
0.92011964
-0.21810834
-0.7299846
-0.9932826
2.0011783
-0.9193375
0.07095367
-2.3654485
-0.13455993
1.2373506
0.55914795
-0.7927128
0.24315542
-0.6954934
0.818556
2.2227504
0.50524724
1.5352136
2.1754854
-1.2847167
-1.7190467
-1.2820773
0.48650953
0.9624859
-0.28632626
-1.7782934
3.3267088
-0.80292964
-0.82254416
-2.4419034
1.1831589
0.27238667
-0.08926326
0.114699185
2.2780476
1.2212758
-1.5160606
-0.7004898
0.46838894
0.61680245
1.7088135
1.709012
-1.2258106
0.67940307
1.9137111
-0.13307501
0.8966815
1.0661377
-0.077985905
0.294199
-1.1051399
-0.61139315
3.6302567
-0.82702637
0.40620643
0.898003
2.2812579
0.42015857
0.41871074
-0.5433154
2.1934881
0.44938952
-2.4096403
0.3080853
-0.75909114
2.749651
1.273376
0.88220817
0.46447915
0.84428304
0.5331683
0.41311303
0.3472368
0.42634374
0.5020205
1.133693
0.6315067
0.49277782
-1.1333336
0.5877674
1.6507065
0.6192476
0.6534441
1.9449492
0.80630463
0.57669324
-0.67982227
1.7395757
-0.028182037
-0.9472996
-0.8416842
-0.12939622
1.2086351
0.57445955
0.7767944
1.280486
1.2262709
-0.8028702
1.0569873
0.94939137
-1.4751376
-0.19903125
2.3615687
1.1166264
2.325268
0.8368003
1.1348325
-0.81748235
-0.94805723
1.3997422
0.48129374
0.87885517
1.8402383
-0.7471128
0.063835524
-1.1082904
0.8763111
-1.1521848
-1.3750111
-0.17355038
2.084852
0.0059059784
-0.9651331
1.4963127
-1.2178527
0.85985076
-0.04743771
1.2991531
-1.2023815
-0.538383
1.2776058
0.44704303
-0.09368593
-1.4124348
-1.66763
-1.382003
2.56167
2.7520278
1.7802238
0.20748135
2.201629
1.4195694
1.0006833
1.2050105
0.7915465
0.80263686
1.54673
0.29449403
-0.18094113
2.7645786
0.08308226
0.32472438
0.41058362
2.673242
1.3079755
0.78823054
-1.2491844
2.6995187
0.3947289
1.5972215
-0.2016275
0.667046
-1.0026234
1.5369157
-0.21158755
-0.5587798
1.8455683
0.18770997
1.7668104
1.3544986
0.5668934
1.6499695
0.79549676
0.23864032
-0.076060526
0.54530853
3.0026731
-1.3816507
-0.9419994
2.1659389
-0.49469137
-0.23300627
2.2649322
0.6988553
1.7207134
1.4296931
1.8957422
-1.7843419
2.108782
0.63150716
-1.2306048
0.4726084
0.16148792
-1.1888111
2.5059545
0.49573082
1.0300703
2.1389406
-0.6599807
-0.037568122
0.94101214
-0.2563992
0.37840766
2.115041
0.7366525
0.3634316
0.93945736
-0.4147591
-0.38213915
-1.2784125
-0.08756078
-0.9641913
0.19105943
-0.3143284
-1.6625874
1.6527823
-0.5382227
0.3207345
-0.595412
1.5850205
0.8305495
-0.8234362
-0.8500601
-0.7534717
-0.9616986
0.4730339
1.5510118
2.668524
-0.60776836
1.7700179
2.7614388
1.3252912
0.59501547
2.1923153
1.6112024
-0.40866897
1.8549836
2.2821114
-0.77804285
1.6713705
-1.6944448
0.17435041
-0.2616872
-1.3363857
0.6129463
0.86893713
0.6393853
-1.234884
1.1132063
2.0555096
0.022984732
-1.0277154
2.4854038
1.451681
1.6226276
0.67418146
-0.85724473
-0.7612631
-1.2767704
-1.0986053
-0.21717405
1.6196754
0.6333269
1.2900922
1.2161998
0.36294502
1.5778857
1.6918045
0.99078727
-0.45147473
-1.2807459
0.045685403
1.0520277
1.9152287
-1.3029758
0.9261474
0.7156784
-0.19225252
0.55643463
2.0766673
-0.18557347
0.13493066
1.802568
0.23648183
2.766143
0.2725357
1.0387229
-1.9429945
0.23742795
0.54052275
0.2342531
0.132205
0.82999367
1.7976496
0.49230877
0.7958189
-0.37094918
1.110652
0.6413396
1.1133307
1.7305324
0.37832874
2.2200847
-0.36919576
-0.9609986
0.19756792
1.3253196
1.8076504
0.103227235
-0.42585406
-1.348184
1.8132821
1.2306423
1.1028852
1.9165587
-2.4476745
2.054153
1.682224
0.44401717
0.19734457
1.5318341
-0.47473955
2.3914623
0.42040017
0.6056829
2.4316716
0.34631512
1.3324567
0.0011816069
1.1105287
1.4553503
1.7634965
-0.6814372
0.2123078
0.16176923
1.0453559
2.9997826
2.2626696
-0.76536435
-0.42744967
0.14685751
-2.1144905
0.90889215
1.048776
-0.1111255
1.91633
0.45815408
0.054494135
0.420825
0.21111344
1.0745884
1.3172199
-0.20259683
-0.77705085
-0.0074540502
-0.3671591
-0.33085522
1.9708865
-0.57260597
0.46406755
-0.46640325
-0.46216512
-0.59125966
0.87914044
0.7298775
1.101785
3.035671
-0.35254276
-0.86594146
-0.80589545
-0.7337217
1.8224323
-1.2016355
-0.72215164
-0.47425175
0.3528979
1.0273298
-0.036939412
0.2297522
2.528665
0.3788014
1.9056299
-1.8528597
1.3645221
1.9897952
-0.32049844
0.20599015
1.1722815
-0.74404633
1.4928225
0.8872909
1.4359131
-0.72126484
1.1888711
1.0988497
0.34612125
-1.1861738
2.339421
1.8755157
2.8820977
-0.5806484
0.39929
-0.2774235
-0.27243808
1.1287675
1.7444426
-0.59589016
1.1558293
1.2643657
-0.024029814
0.23252903
-0.2631906
0.82813776
-0.01724714
1.3382394
0.8137164
0.0848312
-0.667315
-2.0700092
-0.4838388
-0.51320595
0.0037372224
1.3113365
-0.22582024
-0.48156402
1.6307961
0.09801248
-2.1774163
0.64898616
0.19490883
0.1979113
0.5982482
0.08691002
0.46526366
0.80410117
0.7230205
1.8608608
-0.79288054
1.1912636
-0.38980532
-0.44946012
-0.18038842
0.37972292
-1.0056939
1.2174432
2.4348667
0.66281396
1.1692165
0.5451535
1.162487
1.303657
1.1611288
1.4010147
0.04817031
1.7428269
3.0368202
0.8766508
-0.26485524
0.26849088
1.869811
0.48758182
-0.6030314
0.14393385
0.57609755
0.5643001
-1.2467934
0.17159785
-0.56257993
-1.4873617
2.5040245
-0.57016486
-0.56566435
0.13093448
0.35735604
0.5589198
-0.28002298
-0.20552874
-1.1545538
-0.12005596
-0.63608867
-0.5422438
-1.5786606
-0.08732763
0.26583073
-0.48822308
-0.61887413
-2.0053678
-0.8047017
-0.78162575
-0.06668275
0.49894157
0.15497255
-0.7863977
0.6278491
-0.9034021
0.19300902
0.026619527
-0.3625757
0.51064104
-0.40118733
-1.2872294
1.4680091
1.5331635
-0.0104825385
0.7074813
0.47988775
-0.15154226
0.9793232
-0.8414473
0.6749984
0.3124825
0.027812386
-0.59152645
-0.05568023
-0.7404828
-0.5500867
-1.7206669
-0.7042971
-1.0925202
1.581233
-0.121507704
0.8914928
0.9794418
-1.1422362
-0.12346666
-0.5999273
-2.1338222
-0.077511735
-0.8373626
-0.23501818
-0.010404997
-0.041594535
-1.0295677
-0.29143637
-0.22416036
-0.8062624
-0.7818173
-0.2714035
0.00018124096
-1.2354704
0.123760514
0.018292539
-0.6903522
0.52160364
-1.8007841
-1.782615
-1.2970004
-1.6565065
-1.3305808
-0.6563534
-1.6530751
0.117775925
0.24357137