0.00070911006
0.0010684511
0.0002289149
0.0002890797
0.001823506
0.00033588437
0.0005761559
0.00026887475
0.00016327911
0.00062107155
0.00035215134
0.00021309333
0.0002824714
0.00032690517
0.000362966
0.00029754156
0.000462734
0.0009069857
0.00024187386
0.00022825644
0.0005646942
0.0005685028
0.0015051479
0.000550871
0.00035833745
0.0007460652
0.00018980923
0.0006296634
0.0009744452
0.0004044121
0.00021716364
0.003566736
0.00033353135
0.00038591775
0.0012752721
0.00010569831
0.0002329158
7.213156e-05
0.0042858184
0.0008237876
0.0010394026
0.00012532603
0.00022559383
0.00018184909
0.00024319398
0.0005497621
0.0010193866
0.0012020781
0.0002604365
0.00036887883
0.00039009948
0.0005622609
0.0005074424
0.00065419363
0.0001678674
0.0007651498
0.00019579448
0.000100849866
0.00060587144
0.009335775
0.002238217
0.00042261003
0.0004869275
0.0017416928
0.00050716975
0.0003331386
0.0009492363
0.00026299703
0.00096314494
0.0002454126
0.00052854954
0.0022881972
9.451885e-05
0.0020056511
0.00017017504
0.00013614705
0.00031952796
0.0006581821
0.00086781656
0.0010920991
0.00016639908
0.00029970525
0.00036486977
8.347438e-05
0.00027294483
0.00027506787
0.00014957263
0.00012473388
0.00047103016
0.00068512204
0.00026231256
0.0002471854
0.00038985602
0.0005510145
0.0015379117
6.391459e-05
0.00075941073
0.00021282899
0.00016255074
0.0006057964
0.00034061813
0.000116008356
0.00013254896
0.00072937884
0.00025322058
0.00013424494
0.000116978124
0.0012361282
0.0008600386
0.00016587735
0.0008544744
0.048096422
0.0014968353
0.0025525852
0.0003895892
0.0004779505
0.0010679476
0.001583124
6.0117403e-05
0.00023506799
0.00080862094
9.170748e-05
0.0003459704
0.00025960154
0.00032231968
0.00024193742
0.0005336417
0.0003331181
0.00083348254
0.0005098401
0.00050219166
0.0001382532
0.0013238905
0.00024549733
0.00018288675
0.00032616325
0.00016282972
0.00012510039
0.00037040826
0.00023140096
0.00033143876
0.00035791306
0.00014701433
0.00016613651
0.0007882612
0.00020208673
0.00025587558
0.0005947067
0.00020411932
0.0003501464
0.00019414612
0.00036807868
0.00016704168
0.00031899076
0.00014016406
0.0001590781
0.0001042989
6.693639e-05
0.00044032355
0.00019823047
0.0001648452
0.00021023075
0.000121602214
0.0008859733
0.00027336556
0.00021329267
0.00042354263
0.00015121586
0.000366059
0.00013732535
0.00029352968
0.00021702389
0.00028322692
0.00041577345
0.00022989941
0.00022801253
0.00016557571
0.00020442168
0.00084447116
0.00024891275
0.0002122566
0.00030452234
7.565878e-05
0.00012686373
0.00019746723
0.00032517608
0.00019016817
0.00029626995
0.00016989792
0.00049037643
0.00020838893
0.00019873244
9.189098e-05
0.0006875357
0.00064732507
0.00034183732
0.00015014365
0.00011403188
0.000537032
0.0003341667
0.00029259248
0.00038738886
0.00012182328
0.00051590457
0.00033943634
9.197326e-05
0.00039432684
0.00014883016
0.00045966395
0.00023865228
7.6960285e-05
0.00014399357
0.0003608486
0.00025755627
0.00020178013
0.0003600289
0.0011284449
0.0001712409
0.00019862416
0.00025335004
0.0001756047
0.00034503645
0.00039285867
0.00017203313
0.0012871717
0.00030436684
0.00024817986
0.0010085882
0.00027581956
0.00028622823
0.0002573273
0.00038505017
0.00039457608
0.0002494052
0.00018972508
0.0003315194
0.00022963689
7.301075e-05
0.00023747115
0.00032635694
0.00021661345
0.00034653372
0.00018944537
0.0002243273
0.0003466119
7.474429e-05
0.00029931893
0.00026417332
0.000116994954
0.0002012358
0.0004963594
0.00027601913
0.00023313782
0.00021496546
0.00033204685
0.00038143748
0.00010215905
0.00022710346
0.0004710895
0.00010912214
0.00067364104
0.0002553266
0.00024328758
0.00018621673
0.00024005111
3.6619393e-05
0.00031510097
0.00025127587
0.00020713067
0.00053867674
0.0004486591
0.00012326887
0.00013776327
0.00010066613
0.0001907201
0.00019176993
0.00028617049
0.00043150192
0.00022882965
0.00017046132
0.0001404705
0.0003074807
0.00069475063
0.0005420082
0.00016548761
0.0011550415
0.0003579725
0.00013039725
0.00046354206
0.00025531164
0.00015127688
0.0003076982
9.368715e-05
0.000253574
0.0004157336
0.00025558594
0.00020862755
0.0003325044
0.00010430214
0.0005750662
0.00034912725
0.0003502339
0.00013765084
0.0011814896
0.0007353515
0.0004288803
0.0010895525
0.0021925315
0.0010849636
0.0002088477
0.000698407
0.0005413023
0.0025422976
0.00050733547
0.00056180026
0.0032103728
0.00023816712
0.0017631998
0.003166806
0.00075065246
0.00043124682
0.00020120693
0.00030978755
0.00040472345
0.0010322309
0.0002756523
0.0007263063
0.00038796544
0.0014804546
0.00025164674
0.00021415394
0.00015569745
0.00047274903
0.00026750995
9.396422e-05
0.0003232726
0.0003681733
0.00017011825
0.00037481345
0.000110637375
0.00027844915
0.00027941877
0.00028294954
0.000107615866
0.00013299155
0.00025102712
0.0003521134
0.00018762982
0.0005306597
0.00027527596
0.0001893789
0.0006203038
0.0002596028
8.3349165e-05
0.000421517
0.00033665064
0.00045308896
0.000110814566
0.00016861226
0.0006383047
0.00020831541
0.00014839825
0.00029492003
0.00019427085
0.00045692816
0.00020844795
0.00019500752
0.00040315292
8.695124e-05
0.00013987756
0.00012228725
0.00056897226
0.00020290921
0.0002687522
0.00023272065
0.00015077695
0.0004568092
0.00052215316
0.00027182538
0.00020620856
0.0010283174
8.266399e-05
0.00021341672
0.00019470627
0.0004475956
0.00043766637
0.00018623582
0.00022168642
0.00027278156
0.00027336203
0.00034579786
9.910105e-05
0.00036059332
0.0005613833
0.00021642471
0.00061176467
0.00032723378
0.0007215444
0.00042581535
0.006056687
0.00015225813
0.0038606655
0.0033682694
0.0005007813
0.00034089078
0.001088126
0.0003091816
0.00025670388
0.00028364526
0.0039907284
8.005619e-05
0.0003177985
0.00044217892
0.003775855
0.00022793307
9.9455334e-05
0.0042361487
0.0015110963
0.0014649354
0.00076693745
0.00014660056
0.0008259513
0.00014898773
0.00094022823
0.0018079237
0.00027478446
0.0008579107
0.00027007243
0.00027866405
0.0021426745
0.00030444653
0.00013589527
0.0025529363
0.00022925495
0.00020205135
0.0006399196
0.0001175159
0.0008898152
0.0007308672
0.00015426724
0.00070449885
0.00063714065
0.0011764771
0.000113688315
0.00025997663
0.0002751466
0.0012629845
0.00061876763
0.00047713597
0.00018022317
0.000112102745
0.0019180076
0.00014341537
0.00038212672
0.00023863306
0.00014654716
0.0009910533
0.00046345408
0.0006146838
0.0022888945
0.00014176867
0.0009656023
0.0007254071
0.0003110353
0.00075938756
0.0017488213
0.00026165575
0.00043671884
0.00025007708
0.0010205496
0.0072930735
0.00079188804
0.00014444374
0.0022240074
9.0894464e-05
0.0005548176
0.00036375815
0.00045969928
0.00049831875
0.0006171517
0.0005445464
0.0005370632
0.0009902638
0.0005372154
0.00047807358
0.0018499892
0.00092412543
0.006397552
0.0046642385
0.00015648386
0.0003896425
0.0050082384
0.0003178785
0.00040727912
0.0012690715
0.00029073926
0.00041457833
0.0022713607
0.0026651558
0.0043892586
0.0002917294
0.0015015705
0.0002936945
0.0011139546
0.0022272936
0.0006511537
0.0008047797
0.0006209673
0.0012966822
0.000117934265
0.0003287383
0.00011685335
0.00408869
0.0020391766
0.0005868179
0.00081892085
0.0008156648
0.0029200844
0.0005166022
0.0005672602
0.0001692095
0.0003508818
0.00013667026
0.0019258707
0.0002646609
0.000203857
0.0004557036
0.0014699163
0.00075061055
0.00027520838
0.024521487
0.0023796572
0.00031702282
0.00016261516
0.0030187324
0.0001344725
0.00052194105
0.00040833795
0.00073826866
0.0013697975
0.00053330604
0.00047440815
0.002975715
0.0034163008
0.00039923526
0.0003814433
0.0033519045
0.00018409718
0.00015521496
0.0012500272
0.000352364
0.0026179687
0.0009001603
0.0007409122
0.00020439974
0.0001491525
0.00057623035
0.00053739885
0.001619859
0.0007606476
0.00043201642
0.00048651415
0.001913164
0.001860702
7.184188e-05
0.0003567602
0.00047219777
0.0013026253
0.0005371198
0.0003526595
0.0010887473
0.00021295802
0.0015989357
0.00016607663
0.002568109
0.0002009078
0.00010516546
0.00071283046
0.0003078614
0.0021156948
0.00077290024
0.00027787217
0.00018751186
0.0016615124
0.0015545615
0.0010933804
0.0001293072
0.0012888343
0.00020816487
0.00030583332
0.00016422627
0.00015186946
0.00031760518
0.003668799
0.0008204296
0.0006058452
0.0075512384
0.0006543231
0.0003984883
0.0004991135
0.0063148434
0.0004667902
0.0019243147
0.00026864174
0.004626689
0.0016829795
0.0024464321
0.002604262
0.0005715485
0.0004827969
0.00059977506
0.00044812242
0.00018801834
0.0014922172
0.00039306682
0.00038797187
0.0017823273
7.7641904e-05
0.0013096565
0.0033977008
0.0014362672
0.0010601832
0.0016821629
0.0041754427
0.00036547767
0.00034212973
0.04761514
0.00039928395
0.0007339863
0.0048003797
0.00032377243
0.0006853962
0.0019343331
0.0021214003
8.4536754e-05
0.0014679983
9.906235e-05
0.0001737739
0.00044015897
5.232733e-05
0.0003227811
0.0011037658
0.0009596574
0.002163132
0.034116793
0.00018434737
0.00054400944
0.00027010517
0.00029613025
0.0002854188
0.008274664
0.0026966897
0.00056778896
0.00056742143
0.0001424069
0.00021398348
0.0002040955
0.0007528397
0.00047215613
0.0003180315
0.00026779302
0.00017190988
0.00057392224
0.00026870312
0.0041729347
0.00022995795
0.00473034
0.00053698535
0.0015700939
8.663364e-05
0.00037708133
0.00010627266
0.0008188108
0.0013689178
0.0028652248
0.00030012682
0.00019088034
0.0020974467
0.0005804101
0.0046054157
0.000866855
0.0028432102
0.0004053386
0.0022837527
0.00031697293
0.0020557377
0.0006195521
0.00029529422
0.0019667863
0.00028010362
0.00036917007
0.0014461187
0.0010241494
0.00035407842
0.0007762103
0.0007345563
0.0016735821
0.000100398545
0.00042761158
0.0018091354
0.0011984855
0.00054059736
0.0010517223
0.0003952099
0.0004072673
5.0896953e-05
0.00015406184
0.0011205417
0.0016784162
6.48444e-05
0.001374897
0.0049680024
0.00031736813
0.00040638892
0.0031774077
0.00014365144
0.00058315735
9.539311e-05
0.0002490495
0.00080948864
0.0026334277
5.1187024e-05
0.0019501996
0.00017581039
0.0007018262
0.00082990975
0.00033347218
0.0003785377
0.00024977518
0.0006290335
0.0005053414
0.001499565
0.0002951073
0.00053611986
0.00018856855
0.00011126017
0.0019289504
0.0006362068
0.000522457
0.00032152023
0.0018640001
0.0008822051
0.0009148322
0.0009896222
0.0029765042
0.0014977105
0.0003173049
0.0015661103
0.00010378374
0.0067265066
0.0005495047
0.00020958934
0.00019278725
0.0009433383
0.0026177543
0.00051816285
0.00017156888
7.744175e-05
0.0003151731
0.0008290297
0.0032181763
0.0024396458
0.00025281956
0.0029372664
0.0014309491
0.00055660465
0.0007385025
0.0009333291
0.0002543238
0.0060301092
0.00057014904
0.0013402926
0.0027256922
0.0009102879
0.0001869125
8.260008e-05
0.0039338632
0.0023134286
0.0012300106
0.00029246748
0.000283189
0.00026828857
0.0025049848
0.0016384326
0.0022900025
0.0002599975
0.0004017206
0.0016243177
0.0006216647
0.0036319585
0.00028053645
0.0004719083
0.00096298783
0.00025558157
0.00021045441
0.00043856484
0.00095168
0.0002192634
0.00033050985
0.00012919637
0.00022991112
0.00042593313
0.00029524197
0.0003437868
0.0051064813
0.0005583069
0.0007269702
0.00024129995
0.00030284372
0.00027721547
0.0003213354
0.0006788763
0.0012024492
0.0036741009
0.00024671428
0.0005882029
5.3842294e-05
0.00040663296
0.02228713
0.0016194598
0.00015659895
0.00037711856
0.00040618918
0.0011397398
0.00011992812
0.0001520243
0.0048938077
0.0016474533
0.0019597847
0.00048948237
0.00030241054
0.00049067725
0.00073232397
0.00032315947
0.0014954191
0.00037097387
0.0013783753
0.0016116645
0.00029578464
0.00090505433
0.00027435934
0.0005812986
0.000120840086
0.00039883642
0.0015213061
0.0027571726
0.0023957484
0.00019108997
0.0007307167
0.000956605
0.0006839414
0.0024526927
0.007934612
0.00020379393
0.015423247
0.001909548
0.000276556
0.00094950746
0.00063008594
0.0019207522
0.00024915
0.00062654825
0.0019300466
0.00035208502
0.00028049122
0.0003148443
0.00038308708
0.00027527692
0.00026734636
0.000109911365
0.00015939883
0.00020454325
0.0014520382
0.0005228617
0.00011064936
0.003540477
0.00031232936
0.00044735873
0.00017807365
0.0013564116
0.000965749
0.0010829738
0.00073439174
0.0027080632
0.00030311418
0.00044519626
0.0007992933
0.00032909622
0.00030226275
0.0029641816
0.00011622985
0.0007482988
0.001229003
0.0025723213
0.00065770274
0.00015693594
0.00054296193
0.0013329909
0.002655394
0.00034390666
0.00031026872
0.0020210485
0.0008697185
0.00032176377
0.0041055335
0.0057543945
0.00040670217
0.0005435844
0.009029863
0.00028603026
0.00064405525
9.242199e-05
6.4520485e-05
0.00018704256
0.00015222837
0.00019523445
0.005567865
6.787147e-05
0.00034305613
0.0028331447
0.0020781667
0.00010261523
0.0002362934
0.00013399884
0.00022745578
0.00025935622
0.00031119035
0.00038356654
0.00022390902
0.00047898493
0.0004629675
0.000112182315
0.00013342654
0.00018693593
0.00046389582
0.00042846476
0.00045707394
0.00045862008
0.00034546596
8.175569e-05
0.00023262479
0.00021009706
0.00047855324
0.00030753214
0.00019426928
0.0010725219
0.0003141107
0.0005669363
0.0012055356
0.001431565
0.0007926821
0.0008843769
0.0005278664
0.00042725797
0.003944173
0.00015261356
0.000299945
0.00079040887
0.00060629344
0.00020051922
0.00031456698
0.00040859287
0.00027128076
0.00021296159
8.693237e-05
0.00027029635
0.00305675
0.0023890452
0.003111028
0.0006668401
0.0004029482
0.0032200122
0.00013293372
0.0007656965
0.00023606456
0.0003478867
0.00031042635
0.00016308061
0.00038783776
0.00043370973
0.00089249195
4.2713556e-05
0.0004966322
0.0016314207
0.0004260099
0.0017055604
0.00043873576
0.0004356743
0.00071425876
0.00013353773
0.00031172932
0.00033197878
0.00043404778
0.00013681914
0.00016265325
0.000201886
0.000113467126
0.000118104785
0.0006379289
0.0009817044
0.00019666742