0.00016980497
0.0003274878
5.9229897e-05
0.00010386822
5.1683604e-05
0.0005200729
9.252152e-06
3.5043122e-05
1.7310056e-05
0.00014115982
0.0007192011
0.00014146192
5.864904e-05
8.102552e-05
1.6766031e-05
4.9913597e-05
0.00012557638
2.9249455e-05
5.8186713e-05
4.997704e-05
0.00019478115
0.001593597
0.0009770031
0.00022523475
8.752639e-05
0.00011251909
0.00031572866
0.00023567723
0.00017536257
0.00018674227
4.333203e-05
0.00033384693
8.9560366e-05
0.00011413613
0.00028333033
1.6440303e-05
0.000121921854
1.1142264e-05
0.0059000477
3.741594e-05
4.867915e-05
0.00020082401
0.00023553567
0.00016318199
5.550063e-05
0.00012654626
4.0553005e-05
0.00023072284
3.575522e-05
3.5885336e-05
0.000167727
0.0004284156
0.00029606326
0.0005308822
0.00025003406
2.4711164e-05
5.9230402e-05
1.4644651e-05
0.00013812816
0.0030018578
0.0004657613
3.8773556e-05
0.00029646824
0.00039393824
0.0006814109
0.00017464366
0.000501648
6.748e-05
0.00021987612
4.2551095e-05
7.442098e-05
0.00073552737
6.145523e-05
0.0019270201
1.1406245e-05
0.00033168247
2.7609263e-05
0.00055849075
0.0018151653
0.0012854141
0.0005644851
0.0002643019
0.00012686521
0.00031014124
3.576934e-05
1.5226503e-05
0.00023373427
0.00025264034
9.125392e-05
0.00010886967
5.68172e-05
0.00022797973
0.0005024418
0.00013592323
0.00016360248
4.724841e-05
0.00016500028
3.5815625e-05
0.0009926121
0.00018996779
0.00032009778
6.5463086e-05
4.915879e-05
0.0023545807
0.00019779587
9.740985e-06
5.916514e-05
8.342835e-05
3.5502824e-05
5.5155975e-05
0.0002953913
0.14522666
0.00026150284
0.0004633083
0.00010001568
7.724773e-05
0.00020212827
0.0003651837
2.3665098e-05
8.007319e-05
0.000164059
2.0919639e-05
0.00015904989
2.8181286e-05
2.1252014e-05
0.00016757358
0.0026105049
0.00016491314
0.0033536772
0.00045177306
0.00015669028
5.8178866e-05
0.0005335324
7.4700896e-05
4.13347e-05
0.00013332519
0.00024123705
0.00024420477
0.00010249778
0.00014476122
0.00043495715
0.00040990766
0.00021976302
0.00028396113
0.00018292265
0.0005685563
0.0005261158
0.0005394564
0.0006722254
0.00041848654
0.0002058497
0.00020697096
0.00038915384
0.00063642685
3.952872e-05
4.7074976e-05
0.0001484932
0.0001767462
0.00018367334
9.1362854e-05
0.00020925087
4.683706e-05
8.098025e-05
0.00038643452
2.1166008e-05
0.00023816078
0.00040344987
0.00014309994
0.00016946216
0.0001158025
0.00015477811
0.00013820603
0.00039157816
0.00012628519
6.416812e-05
5.319338e-05
8.096635e-05
9.268181e-05
0.00021009038
8.123741e-05
2.1137266e-05
0.00013860558
9.888543e-06
9.180427e-05
5.726596e-05
0.00024706984
3.4873163e-05
9.941785e-05
0.0002506603
0.00011764638
0.00086345134
0.00011305928
3.6803817e-06
8.0881466e-05
0.00017012736
0.0003054968
5.9778555e-05
1.0738367e-05
3.9709514e-05
7.807765e-05
8.485133e-05
1.4551556e-05
5.0553328e-05
0.0001432179
0.00012594614
4.33862e-05
0.00016131556
0.00012815706
4.6910594e-05
5.9233225e-05
5.5869554e-05
7.410936e-05
9.937572e-05
6.092812e-05
6.309549e-05
8.338313e-05
0.00044575817
5.111232e-05
2.1025462e-05
4.1145802e-05
0.00019077354
0.00019071896
0.00025231927
0.00019271992
0.00013492932
0.00010883319
2.025502e-05
0.0002089905
9.62682e-05
0.00012668235
1.5566122e-05
2.2314523e-05
0.00017040399
0.0001946466
2.8189646e-05
4.8383175e-05
0.00013236424
0.00016888845
5.468688e-05
0.00014190435
8.5229825e-05
5.173721e-05
3.7611204e-05
9.9274024e-05
3.191364e-05
6.1621664e-05
0.00013842362
6.9894915e-05
9.658343e-05
6.903254e-05
0.0002400999
0.00026015204
0.000105622945
0.0001664888
0.00013265685
1.5738156e-05
0.0003335177
0.00010971267
0.0002484887
0.00019186472
8.8625755e-05
6.912767e-05
0.00045799493
5.394646e-05
0.00017973136
8.907009e-05
0.000110481764
4.1266052e-05
0.00013683847
4.2938726e-05
0.00012697978
5.5856824e-05
0.00014599289
9.960172e-05
0.00012956791
0.00027035273
0.00026089343
0.00058428914
9.604311e-05
0.00030085753
0.00013629998
7.053258e-05
0.00023789746
0.00045626136
0.00024321792
0.00039255328
9.378134e-05
3.3330132e-05
6.2762956e-05
0.00010464993
6.4440836e-05
0.000114770344
9.773856e-05
0.00024476458
0.00022140365
8.682848e-05
0.00014253015
0.00041922313
9.2946466e-05
0.0007321677
8.819961e-05
0.00033927264
0.0001434792
0.0004997533
5.05367e-05
1.6199812e-05
0.00081437116
0.00029276052
0.0003227374
2.10321e-05
0.00041501687
7.6642566e-05
0.0007460653
0.00010704513
0.0010337052
0.00016585
0.00010267203
9.844521e-05
0.00036912857
0.0004210494
0.0007636784
8.831775e-06
2.4511684e-05
6.654908e-05
3.845051e-05
3.2900447e-05
0.0002467062
5.595124e-05
0.00010915978
1.5788999e-05
0.00010652153
0.0002424042
0.0001448311
1.1700289e-05
3.8083996e-05
9.013652e-05
0.00016588188
0.00014541998
4.446017e-05
5.857866e-05
5.703819e-05
6.140147e-05
2.5429461e-05
1.2527011e-05
0.00029506863
0.00017385624
4.4041873e-05
4.213424e-05
7.223138e-05
5.3147643e-05
0.00028015298
0.0005170326
9.355127e-05
0.00023953259
0.00041169117
6.737018e-05
0.00097511435
0.00044960703
0.00041690134
0.00036505918
0.00035000656
0.00020413095
0.00014936135
4.925268e-05
4.6020858e-05
0.0001434502
3.7963135e-05
0.00053391827
3.7399033e-05
0.000112552734
8.935715e-05
0.0008973427
6.539161e-05
0.00023165658
0.0003438208
6.735287e-05
0.00016886953
0.00042564265
0.0001101864
3.034124e-05
0.000176773
2.9307617e-05
8.214749e-05
7.6573786e-05
0.00032455323
0.00018222861
3.7278707e-05
0.00011895009
6.777756e-05
0.00040660411
4.0756473e-05
2.686724e-05
0.0011102126
1.7472128e-05
3.215658e-05
0.00019766577
2.4107696e-05
9.5941454e-05
0.00013294643
0.012934193
0.0014889088
0.00030110637
0.0004861949
0.00022020873
0.0004120663
0.0028884916
2.075195e-05
5.6945166e-05
0.00010725547
0.00061704434
1.2163917e-05
0.00013528275
0.000321602
0.0049974765
0.00036395655
7.939798e-06
0.0027076406
0.0009837962
0.017314037
0.00036551448
0.00027795092
0.00029623153
0.00016959595
0.00019360533
3.4470788e-05
6.317202e-05
0.00028958637
0.00052192796
9.2430375e-05
0.0010162767
0.00010013961
5.5248547e-05
0.01881616
0.000114972405
0.00012866792
0.0001735118
9.917765e-05
0.0011450195
0.0015877285
0.0017322781
0.00056879356
0.00025545148
0.0007390253
0.00012345372
0.00022441847
0.0001914855
0.0026525552
0.00044881727
0.00034022957
0.00028609563
1.7402317e-05
0.004177963
5.312598e-05
7.086197e-05
1.07296755e-05
0.0003122828
0.0017724611
0.0011016912
2.7802036e-05
0.00044330902
2.7724009e-05
0.00070999836
0.0025074244
0.00029760305
0.0017468698
0.0033079428
0.00023698558
1.8203225e-05
4.298752e-05
0.003792394
0.0043774135
0.0002578806
6.7714565e-05
0.010979906
7.88773e-05
0.00020034179
3.9189625e-05
7.9022284e-05
0.00019010075
0.00018935381
0.000151655
0.00063424406
0.00010652139
2.2907618e-05
0.00021650721
0.0006931013
0.0016945377
0.0018049135
0.0016268345
1.3866996e-05
0.00023594845
0.00077581
0.00037083545
0.0002482703
0.00199448
8.8194734e-05
4.5612232e-05
8.859373e-05
5.174079e-05
0.027618717
7.469677e-05
0.004212717
0.00029109194
0.0042880555
0.0015089285
0.0005760798
0.0002101491
0.0030193415
0.0002710225
1.43144425e-05
0.0012474942
7.6482655e-05
0.012027938
0.0013138817
0.00024912177
0.00039606096
0.00017222571
0.00077096495
9.616005e-05
0.00012808497
0.00011093941
0.0004788455
0.00027597338
0.0018378077
0.00048597282
2.693032e-05
0.00015658996
0.00045992344
4.849936e-05
0.00023919567
0.0032133528
0.0044528083
0.00015469016
8.7847635e-05
0.0121315615
0.00018360339
2.8868575e-05
7.337089e-05
0.000533506
0.0002060245
0.001834617
0.0014196439
0.00109954
0.0014719801
0.00013069775
0.000612675
0.0007288255
4.03345e-05
6.908545e-05
0.0045452276
0.00020541927
0.0022583636
0.00011107671
0.00054280076
0.00014280484
5.260433e-05
0.0013882591
0.0004975726
0.004215462
0.00118553
6.8419955e-05
7.3308154e-05
7.351188e-05
0.0012610124
2.1918344e-05
5.3881315e-05
0.000348318
0.0111174295
0.0001844288
0.00023055756
0.00067666965
2.1618225e-05
0.00065558555
0.00011886986
0.004878329
7.532305e-05
0.00029515053
0.0008771214
0.00044318815
0.00045352246
2.219967e-05
3.4630368e-05
2.1955417e-05
0.0082423575
0.02084665
0.008617819
2.37336e-05
0.0007988152
0.00033299648
0.00053600385
0.00012942769
0.00023972764
0.00047354214
0.0029637653
0.00017331565
5.8418576e-05
0.0026522074
0.00013416266
0.00024219774
0.0002707129
0.0037202735
0.0004878337
0.0016466635
3.0741547e-05
0.00824405
0.0016471919
0.00048588854
0.00041886864
0.00038283042
5.720226e-05
0.0013508176
0.00025465732
6.677686e-05
0.0031950285
0.00022743837
0.0012873787
0.0019100192
0.00016512939
0.0066867983
0.0025570705
7.590332e-05
0.0001290511
0.0013077843
0.009066646
8.278893e-06
0.00014440181
0.008204297
0.0006864818
0.0008325608
0.0047303867
0.00063803
0.00058498216
0.007141755
0.0025759342
1.5265148e-05
0.000791608
0.0002963567
6.699214e-05
0.00015540588
1.9577861e-05
0.00019148094
0.0050711925
0.0003821164
0.00031181856
0.02256623
9.6739546e-05
0.00022743792
0.0002277875
0.00024204118
9.2040355e-05
0.006166843
0.0004336779
0.0001697661
0.0033746548
0.00019502817
5.0561524e-05
2.586181e-05
0.0010798759
3.664102e-05
0.00013510302
0.00016221526
2.2405515e-05
0.0014313295
0.00017091136
0.0023739443
6.802837e-05
0.00064769934
0.00034750463
0.00011071275
1.7708879e-05
0.00013680755
2.4237579e-05
0.0003371289
0.0006825689
0.0028515519
0.00011692811
0.00022007397
0.02142835
0.0017977277
0.00035943018
0.001095244
0.00077389204
0.0002297276
0.025019487
0.0019389915
0.00033054518
0.0114699
5.516768e-05
0.000209548
0.00040630833
2.0364629e-05
0.00039122297
0.0020364495
0.0008940088
6.6173154e-05
0.00034862926
0.0042634625
2.3698478e-05
5.9804384e-05
0.0037845175
0.00018579431
0.0011340764
0.0005943249
0.00020876242
0.0001095363
1.866407e-05
1.5485472e-05
8.666633e-05
0.0040748627
6.6307715e-05
0.00070469885
0.0008672148
0.0002835482
0.0002781067
0.0025088897
0.0002623553
0.0002617934
4.9439703e-05
0.00010924356
0.00043568495
0.002368831
1.9224659e-05
0.0015811798
0.0006842592
0.0002917136
0.0003131275
0.00060534995
0.0001427105
8.8764216e-05
0.001122838
7.210702e-05
0.0041576345
0.00011061608
0.0007480099
1.3065656e-05
4.5712564e-05
0.0007861731
0.0003158539
0.00015036995
0.0003323501
0.0012030656
0.00019688989
0.00016745002
0.00024887823
0.0034065044
0.0023652983
0.00031526107
0.0066307853
0.00017283301
0.0022883036
0.00017895563
0.00018347587
0.00035834042
0.0008326437
0.0017283945
0.00035829068
0.00029964442
2.0670632e-05
0.0008355308
0.00048754443
0.0017713069
0.00191648
1.9209521e-05
0.005908878
0.002205918
0.00039330104
0.00043703758
0.0017654483
0.00013185009
0.00395082
0.0001576185
0.00038202494
0.0038736896
0.00041661857
0.00012902985
7.777089e-05
0.0017715484
0.0023155885
0.00055541855
4.9337166e-05
0.00047428903
0.00043557858
0.00069765287
0.009222093
0.010263749
6.7705434e-05
5.966209e-05
5.7554716e-05
8.994978e-06
0.0009418844
0.00019504203
0.000114773786
0.0004218587
0.00014428151
8.655709e-05
0.0008147674
0.0008794013
0.00014804432
0.0027704514
8.3283114e-05
4.3073826e-05
0.00018634342
9.9652214e-05
0.000109504916
0.0067855045
0.00015742471
0.00077502604
0.0006362351
0.00046153838
5.4576325e-05
0.00017408792
0.0012021991
0.009413977
0.022948345
0.0010692423
3.5031127e-05
5.092194e-05
6.2689374e-05
0.0068375845
0.00027439403
2.1836517e-05
0.0002581114
0.00027914194
0.00027809184
3.0986383e-05
3.457496e-05
0.0046969666
0.00046523788
0.0021990726
5.2927287e-05
0.00029199888
0.0006094933
0.00014609241
0.0005544162
0.0021697562
3.2796317e-05
0.00084513065
0.000516489
0.0005635408
6.230352e-05
0.00054642366
0.00013715419
0.00013440092
0.00011689427
0.00056491833
0.00064705784
0.010491602
3.0012101e-05
0.0005605288
0.0002985542
6.826285e-05
0.0013857664
0.0032425607
1.2750059e-05
0.00404577
0.0050039887
0.0001610246
0.0003332945
0.00028637925
0.0011893546
0.00030820677
0.0022603609
0.0010670897
0.00031939565
4.9374088e-05
9.66541e-06
8.219991e-05
0.00027665813
6.6826746e-05
0.0003693902
7.4780626e-05
0.00018097041
0.0014217026
0.00015682563
5.9905306e-06
0.0035234408
0.0001482323
0.00035662283
4.427336e-05
0.00025081105
0.00036762984
0.00013225578
0.00017834459
0.0041054576
8.1886355e-05
0.0006386442
0.00016379755
0.00014210392
8.108431e-05
0.0007447243
8.90168e-05
9.151607e-05
0.0005884257
0.0022961798
0.00013226802
0.00066101504
0.00046616056
0.00064051466
0.003273349
0.00048656296
0.00022358973
0.0043424554
0.0039812205
0.00028370952
0.0008125159
0.0004582208
0.0012607021
0.0009775694
0.00010673987
6.354423e-05
0.0003419572
0.00018932321
3.1185988e-05
0.00031975837
0.00031104262
7.3926254e-05
0.0011545917
8.575014e-05
0.00023361114
0.0006610472
0.0004883716
0.0003722783
9.297524e-05
0.00012120991
3.4105407e-05
0.00024642906
0.000107494736
6.998423e-05
1.7957382e-05
1.0631384e-05
0.00018812768
9.721867e-05
5.1466308e-05
2.9841798e-05
5.317565e-05
4.5402485e-05
7.383276e-05
5.9323876e-05
0.00011473314
2.5858333e-05
0.0002425595
4.3574375e-05
0.00016768574
0.00012793462
7.1418945e-05
0.00023895786
0.00017441496
2.3925382e-05
0.0007274894
0.00054904143
0.0006600553
0.0003689452
0.00019176958
8.68306e-05
0.00018872788
9.3901745e-06
0.0003732282
9.679007e-05
5.338826e-05
8.710209e-05
0.00010672185
4.1709736e-05
7.757896e-05
1.37239085e-05
3.7243954e-05
0.00015834477
0.0005567674
0.00032743503
0.0011654142
0.00081817544
0.00024791955
0.00015350303
4.055702e-05
1.2827285e-05
0.00036997424
6.42643e-05
0.00015970865
0.00030701264
0.0005480433
3.475775e-05
0.0002730317
0.00013267291
2.429988e-05
0.0001434095
8.784407e-05
0.00047590246
3.644311e-05
0.00023676634
0.0002182384
0.000118374526
0.00029589442
3.6611822e-05
1.2448694e-05
9.5065865e-05
0.00013185348
5.2593718e-05
0.00011015442
1.475699e-05
0.00014547075
0.0006541775